100
30
22 75
85 90 24
94 37 6 79
100 66 2 58 6
40 67 2 42 30 1
11 52 86 49 21 49 64
33 84 23 11 48 15 82 74
3 27 6 29 52 17 37 87 69
76 28 93 45 26 90 14 60 66 84
18 11 74 67 80 15 51 89 71 25 35
78 10 63 35 88 79 28 34 96 73 35 63
59 64 70 8 77 87 100 14 25 64 81 7 69
14 46 69 79 84 53 15 87 28 92 20 73 79 45
56 79 93 57 41 32 24 34 17 30 37 35 60 99 30
79 75 72 100 92 4 89 61 4 82 86 35 66 60 96 99
26 40 32 11 11 10 15 99 62 21 20 16 42 23 86 71 92
15 15 41 93 62 22 79 46 87 97 44 48 21 21 85 44 88 60
76 9 17 92 92 41 95 74 86 64 69 48 24 27 21 8 18 84 66
48 20 19 93 26 65 42 59 67 51 84 86 12 67 91 84 96 8 55 59
23 53 7 41 44 68 94 55 85 68 90 22 7 98 33 47 32 92 29 78 73
94 30 24 62 5 27 45 52 54 67 41 7 17 21 5 56 99 48 80 23 16 90
77 30 36 75 25 44 35 39 35 7 15 17 65 31 91 3 7 49 4 65 70 43 24
77 95 80 15 58 30 46 1 47 3 26 67 9 87 83 65 11 47 96 25 10 56 100 62
37 30 14 58 27 100 39 24 17 70 87 81 29 24 62 55 36 18 42 8 61 47 57 36 53
71 75 45 49 34 89 62 88 56 50 7 39 64 35 84 0 44 7 94 19 13 77 7 47 81 99
49 89 9 20 49 50 85 91 0 61 68 67 32 3 63 86 11 31 82 43 49 66 43 17 80 55 62
84 89 94 0 54 31 59 9 80 58 0 90 30 83 39 75 46 5 22 27 26 88 59 8 80 56 2 49
85 37 36 30 99 13 18 7 26 73 89 9 83 24 38 55 20 63 26 8 97 43 24 52 74 2 27 89 63
64 3 0 65 21 11 38 87 8 83 93 76 3 93 8 40 48 97 9 42 94 23 67 34 60 56 85 55 70 34
20 28 53 30 2 3 44 55 21 9 39 28 44 31 40 47 36 88 40 64 25 88 72 68 86 86 41 31 8 68 55
63 74 93 2 46 6 19 10 51 90 38 7 89 35 49 3 21 19 54 96 100 47 21 99 29 70 11 68 70 69 41 32
19 1 4 25 12 2 3 56 50 71 25 33 59 45 60 79 35 5 40 89 79 22 89 46 66 77 82 27 2 74 88 88 20
4 93 44 4 36 66 27 37 5 99 60 3 53 85 19 81 74 76 19 6 71 77 76 99 20 20 38 18 89 60 75 85 93 47
56 87 53 8 86 50 35 10 72 28 83 22 60 90 63 70 80 23 53 36 23 36 6 94 64 53 51 23 87 34 5 78 33 24 75
23 23 77 30 72 49 17 24 18 59 4 41 60 74 43 46 21 6 57 80 53 40 74 67 22 3 60 14 18 41 9 52 82 37 11 82
61 10 66 92 100 6 50 4 70 83 38 90 55 19 23 29 89 92 47 43 65 59 68 100 90 22 92 79 13 60 57 87 95 71 59 78 57
86 44 66 88 25 84 20 88 74 53 12 11 93 76 97 20 16 24 10 14 80 9 100 3 96 34 30 25 85 34 78 95 82 21 22 92 19 85
77 72 28 72 6 53 6 15 85 21 7 27 4 57 81 82 85 21 27 2 15 58 71 62 17 50 82 67 73 65 4 8 16 45 15 25 4 0 69
66 67 58 45 65 15 78 50 84 59 85 8 50 23 70 35 73 56 4 95 47 71 26 73 75 73 62 8 17 34 59 39 27 32 25 69 21 54 81 96
50 74 25 9 80 28 9 75 65 45 75 24 55 6 52 58 68 14 54 94 32 80 31 89 35 41 44 0 4 87 52 10 0 30 12 57 75 24 25 6 80
61 9 28 74 97 21 81 17 100 17 61 68 16 63 19 10 34 5 60 84 43 50 1 100 70 19 66 11 64 49 20 42 80 46 100 38 57 8 90 0 3 8
59 5 68 10 73 85 50 4 87 3 50 71 99 47 50 28 43 21 52 34 66 23 20 26 77 5 91 92 99 13 79 29 17 28 80 68 97 66 97 35 10 76 74
25 30 87 77 56 15 41 12 13 15 89 34 35 76 14 34 63 38 80 65 89 52 41 73 89 12 54 59 85 73 89 38 94 2 42 39 25 58 83 18 97 25 50 71
38 15 64 84 20 33 50 14 4 54 42 20 73 86 14 83 87 51 72 24 81 42 31 53 14 99 64 18 32 100 18 96 71 90 64 13 25 37 43 27 79 85 22 23 48
10 94 49 19 100 10 7 22 13 100 60 44 71 35 6 63 7 11 29 24 7 27 8 31 94 25 63 48 87 73 33 75 96 100 12 68 100 73 47 32 17 42 54 60 37 26
70 71 32 19 87 32 65 42 60 70 52 57 49 87 83 79 55 92 51 32 50 52 34 39 69 82 4 67 27 40 45 60 20 84 10 28 57 28 13 6 58 60 41 51 55 40 53
25 99 34 75 50 98 77 84 68 100 75 69 55 89 25 49 25 99 38 37 81 32 11 36 19 7 90 61 49 31 89 67 62 41 15 91 50 68 80 61 46 54 25 2 41 14 41 24
72 71 96 85 16 56 99 68 53 26 60 27 39 45 13 20 75 35 8 99 21 45 48 86 28 31 70 93 46 57 10 39 50 67 14 84 74 63 84 48 7 31 44 36 94 19 75 78 62
8 99 5 96 44 26 55 5 29 58 66 34 27 25 22 47 67 83 66 4 97 69 86 31 67 87 49 34 18 0 67 70 48 42 68 18 71 93 24 14 70 29 57 40 52 3 69 15 74 7
64 33 63 52 25 58 5 81 90 82 93 7 97 31 35 54 82 52 28 64 20 50 69 52 45 57 9 45 97 12 8 67 82 56 46 7 7 17 94 59 24 58 94 50 24 11 97 63 6 80 70
43 76 81 55 22 43 13 61 80 43 80 6 0 26 12 2 81 97 44 9 49 38 94 24 55 54 22 59 76 83 86 60 32 81 19 79 50 71 73 6 68 38 74 8 26 7 8 82 8 94 68 67
91 28 25 47 11 86 49 11 48 72 23 39 93 48 94 71 77 34 70 93 79 71 76 70 96 82 85 19 11 55 74 87 58 11 52 57 92 28 20 72 7 38 38 9 53 95 72 38 33 28 61 87 18
79 50 11 15 72 54 24 87 1 33 90 76 68 44 76 55 10 13 6 0 50 95 34 15 28 83 71 60 34 100 70 41 22 84 8 52 65 7 24 93 3 68 0 79 85 87 32 73 11 9 71 35 31 32
77 60 62 39 59 92 71 87 66 75 50 96 38 37 30 41 90 1 79 64 67 57 93 94 1 8 70 84 93 17 30 75 85 39 58 88 99 79 17 85 22 87 68 10 10 52 12 93 39 61 72 100 44 34 99
30 28 27 79 78 33 37 68 53 93 7 24 26 6 13 29 70 2 3 43 16 72 84 44 17 88 76 58 26 37 3 69 63 34 38 79 5 76 74 13 70 48 60 20 94 13 85 79 63 94 81 38 0 16 96 2
90 8 56 66 6 83 94 35 59 19 33 21 40 86 6 52 34 54 41 15 13 83 4 21 13 10 48 12 8 55 3 24 27 36 12 60 16 16 82 93 70 9 97 42 49 68 64 78 72 44 33 33 4 47 50 74 6
82 95 42 97 68 14 51 91 75 64 58 61 45 37 18 73 82 56 32 15 53 18 43 77 10 56 30 63 56 72 24 65 94 31 92 10 24 47 1 18 77 18 18 21 60 80 29 80 42 52 24 73 19 11 20 13 67 0
89 23 25 91 90 66 24 69 46 7 55 82 34 48 12 90 31 95 56 60 3 39 86 76 21 99 51 42 54 76 61 85 44 38 80 82 1 87 47 1 76 87 25 2 7 82 66 95 98 11 20 68 92 43 52 99 58 71 29
57 65 96 28 32 28 75 78 21 28 33 29 5 16 29 93 89 46 44 85 29 54 90 37 29 13 92 17 60 62 66 86 34 77 59 21 69 32 76 3 85 74 29 85 17 38 2 73 52 44 94 59 78 35 100 53 12 67 53 83
20 17 67 4 9 55 45 16 44 65 55 67 78 71 52 31 60 60 0 37 60 29 48 45 17 19 8 81 72 52 26 5 97 37 38 50 60 71 89 24 97 90 56 12 12 47 0 28 96 5 91 38 30 38 1 33 70 15 68 87 58
10 24 23 19 81 31 73 98 27 3 50 45 72 60 31 0 99 13 34 51 67 84 65 60 46 20 67 5 16 88 58 73 66 55 19 88 45 22 62 47 83 95 50 23 22 75 37 30 86 53 29 51 6 61 49 4 76 68 47 11 34 86
87 95 5 31 9 70 9 38 6 98 48 33 9 82 98 76 91 35 15 55 62 4 62 43 46 48 34 42 41 92 3 97 60 9 81 66 83 43 12 30 22 37 26 83 43 17 99 7 20 97 31 63 18 74 86 66 18 74 29 70 58 93 3
12 90 16 82 6 54 73 97 87 13 87 3 54 77 80 7 76 95 18 55 88 45 69 10 89 68 7 79 60 80 98 96 56 65 91 50 2 41 33 44 34 80 35 89 13 1 11 39 84 20 75 19 6 14 37 4 82 96 75 91 2 2 21 95
99 32 62 55 78 98 87 97 22 78 63 0 42 88 21 14 23 9 65 10 91 67 13 53 84 61 54 81 22 60 0 87 39 30 99 88 15 84 34 89 20 40 3 6 49 10 56 81 17 35 94 46 62 52 44 83 47 51 72 83 56 27 91 31 51
48 94 41 91 91 72 87 1 34 71 37 54 54 48 13 47 40 78 34 62 11 45 42 38 28 55 8 75 81 94 75 45 57 33 47 91 34 98 28 98 19 99 96 50 69 83 45 93 32 38 6 7 49 72 51 11 2 62 31 14 56 0 99 80 74 72
100 46 8 61 1 14 81 29 4 15 42 46 70 75 43 8 37 66 7 10 49 69 33 65 43 88 75 60 93 80 25 4 5 19 31 75 47 43 6 76 43 9 61 70 27 7 67 17 33 92 23 68 49 34 94 85 2 10 46 31 76 64 45 69 61 61 56
2 76 3 13 95 19 92 63 38 3 32 66 22 79 67 18 58 39 50 68 57 43 49 46 69 9 33 93 74 76 31 20 73 25 9 19 10 43 2 3 62 20 9 47 31 53 3 4 0 80 98 89 12 4 14 32 18 95 83 100 54 8 10 95 43 61 28 99
77 36 33 7 74 39 4 5 58 86 32 4 3 81 87 78 71 13 88 44 40 69 39 19 30 78 35 53 41 88 86 96 46 86 76 87 62 12 16 24 59 50 80 1 5 20 71 5 41 100 59 27 68 7 30 91 3 59 40 72 43 56 70 13 39 10 23 95 15
94 6 57 54 29 62 98 91 30 44 53 25 15 2 80 82 43 60 45 64 23 99 58 17 5 0 69 24 16 77 46 16 11 35 53 72 35 12 55 33 51 13 68 15 45 27 52 10 92 19 91 42 19 30 64 44 12 98 7 30 38 13 89 20 95 92 90 73 43 93
99 24 66 5 62 63 1 72 67 48 70 8 43 48 20 85 97 51 83 58 36 53 42 82 52 93 30 72 71 55 97 24 76 94 40 12 88 12 88 77 62 86 21 78 47 9 76 60 15 66 56 50 7 43 33 18 63 41 44 54 18 54 84 97 17 50 64 54 24 58 86
16 70 18 7 8 73 24 18 23 96 61 41 33 41 46 36 70 76 20 1 88 52 78 72 63 24 84 36 58 76 1 87 84 70 3 59 95 13 1 59 73 33 10 85 79 61 42 60 76 99 36 73 46 67 53 83 23 9 9 13 7 7 65 98 60 33 4 70 99 86 1 57
86 70 72 7 65 10 78 8 7 57 11 56 3 22 16 56 90 11 75 58 17 29 69 20 15 80 60 82 39 33 30 47 39 52 84 22 85 40 18 2 45 3 18 91 40 3 37 85 48 15 87 85 57 26 81 14 73 52 52 39 87 19 9 8 45 13 12 56 1 45 20 24 4
18 23 32 77 29 85 82 44 51 7 31 79 15 29 19 78 31 85 50 97 87 70 19 95 10 68 50 100 48 32 76 84 80 23 72 45 71 12 95 87 80 29 60 76 39 58 80 76 46 32 40 10 66 48 58 28 11 65 90 24 98 11 50 28 85 59 82 74 33 7 53 29 10 6
84 72 22 93 51 26 78 43 71 91 56 28 71 62 30 83 69 87 52 66 17 55 63 72 55 37 79 17 43 52 14 85 42 44 11 90 74 8 88 36 34 73 21 81 48 45 39 35 58 34 83 25 54 72 82 75 44 81 36 81 34 37 28 9 45 86 17 85 27 97 77 95 30 17 7
86 6 98 29 81 89 4 86 44 29 52 53 12 15 28 30 52 63 22 27 46 99 27 13 34 87 57 98 96 98 95 17 62 75 94 44 68 67 72 89 90 44 6 92 82 12 84 67 100 12 97 83 66 58 49 37 59 85 22 61 57 55 42 19 13 7 36 5 86 72 30 36 72 64 44 42
53 54 9 2 78 9 92 55 30 65 99 74 24 58 27 79 65 81 12 38 98 30 99 63 79 54 84 30 95 13 47 0 50 22 53 85 22 45 5 21 45 45 61 98 39 26 20 72 75 56 30 51 22 14 45 81 83 43 42 25 32 26 92 53 91 68 38 6 86 23 52 27 35 45 55 86 3
34 91 35 15 30 45 64 0 38 49 25 31 80 29 31 19 21 60 51 14 16 27 86 35 78 22 32 21 15 2 69 31 61 74 35 33 56 86 4 27 67 42 1 99 88 35 65 63 27 48 44 6 59 32 38 69 77 84 90 7 6 27 20 51 23 90 85 71 54 15 90 20 9 25 26 71 78 26
71 15 39 84 82 74 44 12 37 8 88 50 73 53 30 99 37 23 68 22 34 97 19 18 100 45 70 32 54 17 27 73 76 79 3 50 12 67 16 33 53 72 40 45 36 20 9 49 39 72 85 79 9 11 89 84 44 4 38 87 37 18 80 57 18 88 56 33 28 0 10 87 22 34 85 0 53 2 41
11 38 32 6 95 42 36 94 40 68 69 33 51 47 33 5 58 61 23 17 20 100 30 83 45 76 72 15 54 32 75 58 79 21 28 76 50 46 85 52 98 29 88 9 48 43 17 96 19 8 79 90 44 62 97 30 28 28 17 87 44 79 84 40 20 70 83 22 56 26 66 60 24 85 49 17 95 17 24 3
80 15 46 52 72 91 9 56 47 68 65 65 70 83 21 46 90 90 46 40 43 35 79 11 80 70 10 8 58 62 93 20 63 49 20 16 27 80 94 24 50 95 3 37 66 13 8 9 29 42 93 28 64 27 81 73 46 45 13 77 67 33 19 62 93 53 51 60 72 52 38 75 62 57 19 65 96 21 20 36 42
8 47 97 27 71 92 31 49 87 20 61 43 24 95 17 9 64 92 32 85 70 54 95 96 31 43 30 72 11 42 38 93 99 36 5 65 54 29 78 17 56 80 40 60 33 17 60 95 93 46 82 49 94 8 34 36 74 45 19 98 15 46 54 32 73 73 99 48 29 55 97 29 70 79 88 74 16 52 51 34 57 31
93 70 83 22 79 92 77 11 8 21 4 100 60 1 100 45 22 93 52 26 56 22 88 46 33 75 98 66 30 34 88 34 97 83 6 68 45 63 17 60 50 63 96 60 56 80 89 97 71 59 7 28 26 65 2 39 33 73 86 37 5 11 41 57 14 82 39 84 99 98 34 18 81 48 88 22 69 14 77 0 84 65 55
1 97 9 52 32 80 24 100 43 16 3 36 65 62 87 85 87 25 32 94 16 88 47 10 21 32 44 75 53 65 60 66 16 33 84 17 39 44 20 91 47 78 96 50 49 72 4 100 58 52 56 33 9 77 82 21 16 61 39 1 46 31 94 57 80 5 100 10 9 26 62 52 93 72 68 80 94 24 53 100 12 7 27 84
34 32 18 9 25 26 48 89 79 70 6 53 95 69 98 50 50 61 75 29 6 28 59 78 63 82 46 31 74 67 25 55 14 41 75 74 23 22 50 2 0 80 16 39 31 31 25 46 0 42 55 38 74 57 16 77 77 69 64 60 18 23 7 39 19 91 6 34 72 35 43 69 75 89 17 2 26 85 69 60 92 25 51 46 43
42 3 38 22 28 40 23 41 23 89 9 35 85 16 83 5 59 88 6 69 98 90 97 24 51 93 15 94 6 85 37 75 17 62 77 46 25 5 43 96 96 89 59 46 6 67 93 93 58 12 76 13 62 5 32 59 84 23 86 88 64 93 94 18 39 70 42 15 23 25 50 7 89 44 2 34 28 47 47 70 39 23 47 60 14 29
31 44 44 9 79 90 35 69 27 23 66 68 47 74 2 24 80 12 11 57 79 14 7 94 99 21 34 3 84 41 51 91 19 40 92 91 62 43 41 0 83 52 80 96 94 87 24 22 11 84 89 45 84 8 25 60 33 37 45 23 63 43 33 93 28 99 33 94 45 85 7 24 22 12 2 79 35 59 80 70 67 38 99 5 64 5 57
81 75 35 25 100 89 11 19 50 38 28 71 32 98 43 34 1 21 92 81 76 16 44 31 24 87 84 25 22 29 7 89 20 8 19 22 15 93 6 85 65 7 70 95 85 97 90 69 33 56 60 74 36 50 69 19 88 76 85 7 27 3 43 59 49 87 50 24 0 13 57 10 32 57 20 12 71 62 89 56 44 78 15 95 38 76 17 9
30 88 58 24 29 63 1 72 67 51 75 46 29 60 48 33 13 0 55 31 40 19 84 21 87 33 31 23 42 67 72 9 13 50 86 76 54 32 16 71 68 30 5 79 23 83 4 55 43 13 80 86 60 95 0 0 59 43 28 75 34 87 65 79 59 91 11 64 3 40 55 88 100 52 51 33 82 1 60 37 65 14 1 12 40 42 15 9 28
60 25 23 96 50 95 25 76 85 57 70 16 40 74 69 31 47 8 100 64 52 9 83 82 39 26 59 4 25 87 92 24 10 70 30 88 87 1 99 69 55 0 50 65 13 30 78 9 56 84 96 69 12 28 12 90 78 36 35 77 25 85 34 5 46 18 90 19 26 55 47 21 22 37 29 20 0 20 76 75 43 40 58 70 60 5 33 26 13 38
79 98 1 25 34 73 27 13 84 45 21 3 64 34 34 14 38 47 46 67 56 65 58 24 66 64 35 47 44 65 80 62 26 87 24 29 10 65 63 52 26 8 93 25 45 93 7 50 13 65 13 82 79 21 15 98 76 91 75 9 0 68 46 23 57 75 85 44 28 100 47 54 91 92 81 78 37 86 7 43 76 27 34 100 93 94 78 35 71 89 59
79 36 93 46 100 59 12 95 45 91 24 37 95 18 92 70 30 21 95 3 23 15 100 94 29 58 89 53 25 83 22 56 7 56 6 82 21 31 2 27 88 57 73 21 7 97 19 22 0 62 70 77 50 84 52 62 50 100 5 59 71 24 1 30 38 75 14 32 59 82 21 62 41 58 42 49 19 31 63 37 30 100 67 27 24 33 37 11 29 46 69 9
93 62 88 46 64 85 11 53 28 83 36 8 47 56 32 19 47 58 20 70 43 41 53 55 54 11 4 21 3 53 54 47 50 11 28 58 99 95 24 8 97 42 53 94 28 77 45 16 30 28 76 88 67 29 35 34 87 90 14 95 39 63 61 31 88 8 100 72 5 19 31 1 1 33 26 23 5 32 30 14 95 60 50 74 0 77 27 75 4 78 21 63 68
61 12 94 10 31 94 19 51 34 39 85 42 82 72 61 54 59 40 95 48 18 97 22 7 67 15 91 74 68 65 43 55 92 37 48 2 77 83 66 96 29 22 71 47 76 56 16 17 60 19 7 39 72 5 92 38 70 17 3 76 74 31 12 74 19 99 41 51 7 62 21 31 32 20 100 6 61 49 3 57 3 56 14 33 77 16 41 2 38 66 69 65 37 5
15 65 65 75 76 3 44 41 12 72 71 43 10 47 15 84 9 26 21 83 51 12 16 5 17 83 28 97 58 2 20 31 2 28 67 27 59 61 15 25 16 67 82 55 93 20 62 100 30 66 83 65 47 43 95 49 86 95 73 78 20 91 69 100 78 6 7 46 85 48 32 49 55 56 46 99 36 87 65 63 54 55 2 95 93 58 11 72 3 9 92 46 74 37 33
45 60 9 84 15 33 41 94 73 16 71 5 15 92 68 6 47 71 22 100 35 18 91 71 44 78 25 5 36 31 86 85 19 10 8 15 13 13 64 44 62 22 2 49 61 29 94 10 85 92 91 68 28 50 20 6 44 7 23 39 82 77 66 84 16 54 21 76 98 66 33 12 24 81 59 91 37 60 98 66 100 49 30 71 32 81 33 3 15 33 29 65 71 41 66 16
88 85 82 65 65 65 46 36 96 19 87 96 15 6 57 33 2 29 47 55 54 43 80 34 36 14 2 10 32 80 99 96 85 100 61 99 70 69 45 61 40 69 29 30 10 59 66 69 72 94 55 21 30 69 89 50 98 86 64 40 9 30 13 28 99 43 26 34 22 85 100 70 9 5 75 70 80 94 11 98 3 72 39 99 1 4 5 95 23 1 3 85 8 6 53 22 44
59 3 0 14 36 59 57 19 90 20 89 1 86 70 27 72 31 42 35 68 69 15 18 54 21 42 11 76 12 68 23 22 82 56 2 34 46 7 84 66 3 18 56 94 67 34 74 14 4 3 72 91 62 78 73 19 49 81 67 59 97 46 24 0 8 20 99 92 35 62 82 45 7 28 24 6 84 50 73 16 39 75 80 74 93 75 13 95 47 94 57 82 31 87 42 21 99 12
84 22 65 65 91 20 6 22 81 22 100 36 21 15 22 68 100 42 82 38 23 8 12 8 87 60 51 58 2 68 81 95 34 77 59 4 15 64 14 94 78 10 26 18 70 55 27 50 94 75 0 14 71 81 100 50 24 10 64 20 0 48 56 27 36 1 93 12 82 35 45 72 0 84 95 5 49 92 44 84 67 54 86 80 82 39 47 11 92 53 48 6 65 76 31 86 74 12 16
19 35 19 83 18 57 18 6 22 95 81 44 88 52 11 74 55 97 12 63 46 58 35 95 89 67 70 50 61 24 82 72 87 26 76 45 48 4 73 19 26 65 57 94 50 44 78 25 40 96 51 1 18 97 3 28 79 1 72 26 30 15 27 98 33 56 22 96 3 71 65 85 33 51 64 28 29 82 39 19 51 41 84 40 22 24 3 8 58 20 66 38 25 12 27 86 43 31 28 78
